#MXL# NEWRUN
ARM-nocl
0
0
0
0
60
36000
46800
1
0
0
60
97000
0
0.2
301.1
0.2
0.004
0
0.12
1
0.0155
-0.0001
-2e-06
0
0.000167
1
0
6
4
0
0
-4
4
0
0
0.3
0.0001
1
0.02
0.002
0
0
0
0
0
422
-44
0
0
0
1
0
1
290
0
2
0
110
0.25
0.85
5.9
0.02
0.002
286
285
0.21
0.21
0.472
0.323
0.171
286
0.132
1.8
0.219
4.9
4
3.56e-06
1
170
51.97
-4.93
6
400
0
0
0
0
0
1
1
22
28
0
0
0
0
1
0
30
0
0
0
0
0
0
0
0
0
0
0
0.4
0
0
0
0
0
0.6
0
0
0
0
0
1724
0
0
0
0
0
0
0
0
0
0
0
0
0
0
0
0
0
0
0
0
0
0
0
0
0
0
0
0.5
0
0
0
0
0
0
0
0
0
0
0
0
0
0
0
0
0
0
0
100
0
0
0
0
0
0
0
0
0
0
0
0
0
0
0
0
0
2e+08
0
0
0
0
0
8e+08
0
0
0
0
0
0
0
0
0
0
0
0
0
0
0
0
0
0
0
0
0
0
0
0
0
0
0
0
0
1
1
1
1
1
1
1
1
1
1
1
1
1
1
1
1
1
1
1
1
1
1
1
1
1
1
1
1
100000
298
298
0.01
0.01
12
0
#MXL# NEWRUN
ARM-shcl
0
0
0
0
60
36000
46800
1
0
0
60
97000
0
0.2
301.1
0.2
0.004
0
0.12
1
0.0155
-0.0001
-2e-06
0
0.000167
1
0
6
4
0
0
-4
4
0
0
0.3
0.0001
1
0.02
0.002
0
0
0
0
0
422
-44
0
0
0
1
0
1
290
0
2
0
110
0.25
0.85
5.9
0.02
0.002
286
285
0.21
0.21
0.472
0.323
0.171
286
0.132
1.8
0.219
4.9
4
3.56e-06
1
170
51.97
-4.93
6
400
0
1
0
0
0
1
1
22
28
0
0
0
0
1
0
30
0
0
0
0
0
0
0
0
0
0
0
0.4
0
0
0
0
0
0.6
0
0
0
0
0
1724
0
0
0
0
0
0
0
0
0
0
0
0
0
0
0
0
0
0
0
0
0
0
0
0
0
0
0
0.5
0
0
0
0
0
0
0
0
0
0
0
0
0
0
0
0
0
0
0
100
0
0
0
0
0
0
0
0
0
0
0
0
0
0
0
0
0
2e+08
0
0
0
0
0
8e+08
0
0
0
0
0
0
0
0
0
0
0
0
0
0
0
0
0
0
0
0
0
0
0
0
0
0
0
0
0
1
1
1
1
1
1
1
1
1
1
1
1
1
1
1
1
1
1
1
1
1
1
1
1
1
1
1
1
100000
298
298
0.01
0.01
12
0
#MXL# NEWRUN
ARM-shcl-rad
0
0
0
0
60
36000
46800
1
0
0
60
97000
0
0.2
301.1
0.2
0.004
0
0.12
1
0.0155
-0.0001
-2e-06
0
0.000167
1
0
6
4
0
0
-4
4
0
0
0.3
0.0001
1
0.02
0.002
0
0
0
0
0
422
-44
0
0
0
1
0
1
290
0
2
0
110
0.25
0.85
5.9
0.02
0.002
286
285
0.21
0.21
0.472
0.323
0.171
286
0.132
1.8
0.219
4.9
4
3.56e-06
1
170
51.97
-4.93
6
400
0
1
1
0
0
1
1
22
28
0
0
0
0
1
0
30
0
0
0
0
0
0
0
0
0
0
0
0.4
0
0
0
0
0
0.6
0
0
0
0
0
1724
0
0
0
0
0
0
0
0
0
0
0
0
0
0
0
0
0
0
0
0
0
0
0
0
0
0
0
0.5
0
0
0
0
0
0
0
0
0
0
0
0
0
0
0
0
0
0
0
100
0
0
0
0
0
0
0
0
0
0
0
0
0
0
0
0
0
2e+08
0
0
0
0
0
8e+08
0
0
0
0
0
0
0
0
0
0
0
0
0
0
0
0
0
0
0
0
0
0
0
0
0
0
0
0
0
1
1
1
1
1
1
1
1
1
1
1
1
1
1
1
1
1
1
1
1
1
1
1
1
1
1
1
1
100000
298
298
0.01
0.01
12
0
#MXL# NEWRUN
ARM-shcl-highsm
0
0
0
0
60
36000
46800
1
0
0
60
97000
0
0.2
301.1
0.2
0.004
0
0.12
1
0.0155
-0.0001
-2e-06
0
0.000167
1
0
6
4
0
0
-4
4
0
0
0.3
0.0001
1
0.02
0.002
0
0
0
0
0
422
-44
0
0
0
1
0
1
290
0
2
0
110
0.25
0.85
5.9
0.02
0.002
286
285
0.23
0.23
0.472
0.323
0.171
286
0.132
1.8
0.219
4.9
4
3.56e-06
1
170
51.97
-4.93
6
400
0
1
0
0
0
1
1
22
28
0
0
0
0
1
0
30
0
0
0
0
0
0
0
0
0
0
0
0.4
0
0
0
0
0
0.6
0
0
0
0
0
1724
0
0
0
0
0
0
0
0
0
0
0
0
0
0
0
0
0
0
0
0
0
0
0
0
0
0
0
0.5
0
0
0
0
0
0
0
0
0
0
0
0
0
0
0
0
0
0
0
100
0
0
0
0
0
0
0
0
0
0
0
0
0
0
0
0
0
2e+08
0
0
0
0
0
8e+08
0
0
0
0
0
0
0
0
0
0
0
0
0
0
0
0
0
0
0
0
0
0
0
0
0
0
0
0
0
1
1
1
1
1
1
1
1
1
1
1
1
1
1
1
1
1
1
1
1
1
1
1
1
1
1
1
1
100000
298
298
0.01
0.01
12
0
#MXL# NEWRUN
ARM-shcl-lowgtheta
0
0
0
0
60
36000
46800
1
0
0
60
97000
0
0.2
301.1
0.2
0.003
0
0.12
1
0.0155
-0.0001
-2e-06
0
0.000167
1
0
6
4
0
0
-4
4
0
0
0.3
0.0001
1
0.02
0.002
0
0
0
0
0
422
-44
0
0
0
1
0
1
290
0
2
0
110
0.25
0.85
5.9
0.02
0.002
286
285
0.21
0.21
0.472
0.323
0.171
286
0.132
1.8
0.219
4.9
4
3.56e-06
1
170
51.97
-4.93
6
400
0
1
0
0
0
1
1
22
28
0
0
0
0
1
0
30
0
0
0
0
0
0
0
0
0
0
0
0.4
0
0
0
0
0
0.6
0
0
0
0
0
1724
0
0
0
0
0
0
0
0
0
0
0
0
0
0
0
0
0
0
0
0
0
0
0
0
0
0
0
0.5
0
0
0
0
0
0
0
0
0
0
0
0
0
0
0
0
0
0
0
100
0
0
0
0
0
0
0
0
0
0
0
0
0
0
0
0
0
2e+08
0
0
0
0
0
8e+08
0
0
0
0
0
0
0
0
0
0
0
0
0
0
0
0
0
0
0
0
0
0
0
0
0
0
0
0
0
1
1
1
1
1
1
1
1
1
1
1
1
1
1
1
1
1
1
1
1
1
1
1
1
1
1
1
1
100000
298
298
0.01
0.01
12
0
#MXL# EOF
