#MXL# NEWRUN
1day
3
0
1
1
60
54000
43200
1
0
0
200
101300
0
0.2
288
1
0.006
0
0.1
0
0.008
-0.001
0
0
0.0001
0
0
6
4
0
0
-4
4
0
0
0.3
0.0001
1
2
2
0
0
0
0
0
422
-44
0
0
0
1
0
1
290
0
5
0.03
500
0.1
0.9
20
2
2
286
285
0.21
0.21
0.472
0.323
0.171
286
0.132
1.4
0.219
4.9
4
3.56e-06
1
171
51.97
-4.93
5
400
0
0
0
0
0
1
1
22
28
0
0
0
0
1
0
30
0
0
0
0
0
0
0
0
0
0
0
0.4
0
0
0
0
0
0.6
0
0
0
0
0
1724
0
0
0
0
0
0
0
0
0
0
0
0
0
0
0
0
0
0
0
0
0
0
0
0
0
0
0
0.5
0
0
0
0
0
0
0
0
0
0
0
0
0
0
0
0
0
0
0
100
0
0
0
0
0
0
0
0
0
0
0
0
0
0
0
0
0
2e+08
0
0
0
0
0
8e+08
0
0
0
0
0
0
0
0
0
0
0
0
0
0
0
0
0
0
0
0
0
0
0
0
0
0
0
0
0
1
1
1
1
1
1
1
1
1
1
1
1
1
1
1
1
1
1
1
1
1
1
1
1
1
1
1
1
100000
298
298
0.01
0.01
12
0
#MXL# NEWRUN
1night
3
0
0
0
60
25200
43200
1
0
0
200
101300
0
0.2
288
1
0.006
0
0
0
0.008
-0.001
0
0
0
0
0
6
4
0
0
-4
4
0
0
0.3
0.0001
0
2
2
0
0
0
0
0
422
-44
0
0
0
0
0
1
290
0
5
0.03
500
0.25
0.9
20
2
2
286
285
0.20792
0.20792
0.472
0.323
0.171
286
0.132
1.8
0.219
4.9
4
3.56e-06
0
268
51.97
-4.93
20
400
0
0
0
0
0
1
1
22
28
0
0
0
0
1
0
30
0
0
0
0
0
0
0
0
0
0
0
0.4
0
0
0
0
0
0.6
0
0
0
0
0
1724
0
0
0
0
0
0
0
0
0
0
0
0
0
0
0
0
0
0
0
0
0
0
0
0
0
0
0
0.5
0
0
0
0
0
0
0
0
0
0
0
0
0
0
0
0
0
0
0
100
0
0
0
0
0
0
0
0
0
0
0
0
0
0
0
0
0
2e+08
0
0
0
0
0
8e+08
0
0
0
0
0
0
0
0
0
0
0
0
0
0
0
0
0
0
0
0
0
0
0
0
0
0
0
0
0
1
1
1
1
1
1
1
1
1
1
1
1
1
1
1
1
1
1
1
1
1
1
1
1
1
1
1
1
100000
298
298
0.01
0.01
12
0
#MXL# NEWRUN
2day
3
0
1
1
60
61200
43200
1
0
0
200
101300
0
0.2
288
1
0.006
0
0.1
0
0.008
-0.001
0
0
0.0001
0
0
6
4
0
0
-4
4
0
0
0.3
0.0001
1
2
2
0
0
0
0
0
422
-44
0
0
0
1
0
1
290
0
5
0.03
500
0.1
0.9
20
2
2
286
285
0.2058
0.20792
0.472
0.323
0.171
286
0.132
1.4
0.219
4.9
4
3.56e-06
1
171
51.97
-4.93
27
400
0
0
0
0
0
1
1
22
28
0
0
0
0
1
0
30
0
0
0
0
0
0
0
0
0
0
0
0.4
0
0
0
0
0
0.6
0
0
0
0
0
1724
0
0
0
0
0
0
0
0
0
0
0
0
0
0
0
0
0
0
0
0
0
0
0
0
0
0
0
0.5
0
0
0
0
0
0
0
0
0
0
0
0
0
0
0
0
0
0
0
100
0
0
0
0
0
0
0
0
0
0
0
0
0
0
0
0
0
2e+08
0
0
0
0
0
8e+08
0
0
0
0
0
0
0
0
0
0
0
0
0
0
0
0
0
0
0
0
0
0
0
0
0
0
0
0
0
1
1
1
1
1
1
1
1
1
1
1
1
1
1
1
1
1
1
1
1
1
1
1
1
1
1
1
1
100000
298
298
0.01
0.01
12
0
#MXL# NEWRUN
2night
3
0
0
0
60
25200
43200
1
0
0
200
101300
0
0.2
288
1
0.006
0
0
0
0.008
-0.001
0
0
0
0
0
6
4
0
0
-4
4
0
0
0.3
0.0001
0
2
2
0
0
0
0
0
422
-44
0
0
0
0
0
1
290
0
5
0.03
500
0.25
0.9
20
2
2
286
285
0.20475
0.20475
0.472
0.323
0.171
286
0.132
1.8
0.219
4.9
4
3.56e-06
0
268
51.97
-4.93
44
400
0
0
0
0
0
1
1
22
28
0
0
0
0
1
0
30
0
0
0
0
0
0
0
0
0
0
0
0.4
0
0
0
0
0
0.6
0
0
0
0
0
1724
0
0
0
0
0
0
0
0
0
0
0
0
0
0
0
0
0
0
0
0
0
0
0
0
0
0
0
0.5
0
0
0
0
0
0
0
0
0
0
0
0
0
0
0
0
0
0
0
100
0
0
0
0
0
0
0
0
0
0
0
0
0
0
0
0
0
2e+08
0
0
0
0
0
8e+08
0
0
0
0
0
0
0
0
0
0
0
0
0
0
0
0
0
0
0
0
0
0
0
0
0
0
0
0
0
1
1
1
1
1
1
1
1
1
1
1
1
1
1
1
1
1
1
1
1
1
1
1
1
1
1
1
1
100000
298
298
0.01
0.01
12
0
#MXL# NEWRUN
3day
3
0
1
1
60
61200
43200
1
0
0
200
101300
0
0.2
288
1
0.006
0
0.1
0
0.008
-0.001
0
0
0.0001
0
0
6
4
0
0
-4
4
0
0
0.3
0.0001
1
2
2
0
0
0
0
0
422
-44
0
0
0
1
0
1
290
0
5
0.03
500
0.1
0.9
20
2
2
286
285
0.2027
0.20475
0.472
0.323
0.171
286
0.132
1.4
0.219
4.9
4
3.56e-06
1
171
51.97
-4.93
51
400
0
0
0
0
0
1
1
22
28
0
0
0
0
1
0
30
0
0
0
0
0
0
0
0
0
0
0
0.4
0
0
0
0
0
0.6
0
0
0
0
0
1724
0
0
0
0
0
0
0
0
0
0
0
0
0
0
0
0
0
0
0
0
0
0
0
0
0
0
0
0.5
0
0
0
0
0
0
0
0
0
0
0
0
0
0
0
0
0
0
0
100
0
0
0
0
0
0
0
0
0
0
0
0
0
0
0
0
0
2e+08
0
0
0
0
0
8e+08
0
0
0
0
0
0
0
0
0
0
0
0
0
0
0
0
0
0
0
0
0
0
0
0
0
0
0
0
0
1
1
1
1
1
1
1
1
1
1
1
1
1
1
1
1
1
1
1
1
1
1
1
1
1
1
1
1
100000
298
298
0.01
0.01
12
0
#MXL# NEWRUN
3night
3
0
0
0
60
25200
43200
1
0
0
200
101300
0
0.2
288
1
0.006
0
0
0
0.008
-0.001
0
0
0
0
0
6
4
0
0
-4
4
0
0
0.3
0.0001
0
2
2
0
0
0
0
0
422
-44
0
0
0
0
0
1
290
0
5
0.03
500
0.25
0.9
20
2
2
286
285
0.2017
0.2017
0.472
0.323
0.171
286
0.132
1.8
0.219
4.9
4
3.56e-06
0
268
51.97
-4.93
68
400
0
0
0
0
0
1
1
22
28
0
0
0
0
1
0
30
0
0
0
0
0
0
0
0
0
0
0
0.4
0
0
0
0
0
0.6
0
0
0
0
0
1724
0
0
0
0
0
0
0
0
0
0
0
0
0
0
0
0
0
0
0
0
0
0
0
0
0
0
0
0.5
0
0
0
0
0
0
0
0
0
0
0
0
0
0
0
0
0
0
0
100
0
0
0
0
0
0
0
0
0
0
0
0
0
0
0
0
0
2e+08
0
0
0
0
0
8e+08
0
0
0
0
0
0
0
0
0
0
0
0
0
0
0
0
0
0
0
0
0
0
0
0
0
0
0
0
0
1
1
1
1
1
1
1
1
1
1
1
1
1
1
1
1
1
1
1
1
1
1
1
1
1
1
1
1
100000
298
298
0.01
0.01
12
0
#MXL# NEWRUN
4day
3
0
1
1
60
61200
43200
1
0
0
200
101300
0
0.2
288
1
0.006
0
0.1
0
0.008
-0.001
0
0
0.0001
0
0
6
4
0
0
-4
4
0
0
0.3
0.0001
1
2
2
0
0
0
0
0
422
-44
0
0
0
1
0
1
290
0
5
0.03
500
0.1
0.9
20
2
2
286
285
0.1996
0.2017
0.472
0.323
0.171
286
0.132
1.4
0.219
4.9
4
3.56e-06
1
171
51.97
-4.93
75
400
0
0
0
0
0
1
1
22
28
0
0
0
0
1
0
30
0
0
0
0
0
0
0
0
0
0
0
0.4
0
0
0
0
0
0.6
0
0
0
0
0
1724
0
0
0
0
0
0
0
0
0
0
0
0
0
0
0
0
0
0
0
0
0
0
0
0
0
0
0
0.5
0
0
0
0
0
0
0
0
0
0
0
0
0
0
0
0
0
0
0
100
0
0
0
0
0
0
0
0
0
0
0
0
0
0
0
0
0
2e+08
0
0
0
0
0
8e+08
0
0
0
0
0
0
0
0
0
0
0
0
0
0
0
0
0
0
0
0
0
0
0
0
0
0
0
0
0
1
1
1
1
1
1
1
1
1
1
1
1
1
1
1
1
1
1
1
1
1
1
1
1
1
1
1
1
100000
298
298
0.01
0.01
12
0
#MXL# NEWRUN
4night
0
0
0
0
60
25200
43200
1
0
0
200
101300
0
0.2
288
1
0.006
0
0
0
0.008
-0.001
0
0
0
0
0
6
4
0
0
-4
4
0
0
0.3
0.0001
0
0.02
0.002
0
0
0
0
0
422
-44
0
0
0
0
0
1
290
0
2
0
110
0.25
0.85
5.9
0.02
0.002
286
285
0.1989
0.1989
0.472
0.323
0.171
286
0.132
1.8
0.219
4.9
4
3.56e-06
0
268
51.97
-4.93
92
400
0
0
0
0
0
1
1
22
28
0
0
0
0
1
0
30
0
0
0
0
0
0
0
0
0
0
0
0.4
0
0
0
0
0
0.6
0
0
0
0
0
1724
0
0
0
0
0
0
0
0
0
0
0
0
0
0
0
0
0
0
0
0
0
0
0
0
0
0
0
0.5
0
0
0
0
0
0
0
0
0
0
0
0
0
0
0
0
0
0
0
100
0
0
0
0
0
0
0
0
0
0
0
0
0
0
0
0
0
2e+08
0
0
0
0
0
8e+08
0
0
0
0
0
0
0
0
0
0
0
0
0
0
0
0
0
0
0
0
0
0
0
0
0
0
0
0
0
1
1
1
1
1
1
1
1
1
1
1
1
1
1
1
1
1
1
1
1
1
1
1
1
1
1
1
1
100000
298
298
0.01
0.01
12
0
#MXL# NEWRUN
5day
3
0
1
1
60
61200
43200
1
0
0
200
101300
0
0.2
288
1
0.006
0
0.1
0
0.008
-0.001
0
0
0.0001
0
0
6
4
0
0
-4
4
0
0
0.3
0.0001
1
2
2
0
0
0
0
0
422
-44
0
0
0
1
0
1
290
0
5
0.03
500
0.1
0.9
20
2
2
286
285
0.1969
0.1988
0.472
0.323
0.171
286
0.132
1.4
0.219
4.9
4
3.56e-06
1
171
51.97
-4.93
99
400
0
0
0
0
0
1
1
22
28
0
0
0
0
1
0
30
0
0
0
0
0
0
0
0
0
0
0
0.4
0
0
0
0
0
0.6
0
0
0
0
0
1724
0
0
0
0
0
0
0
0
0
0
0
0
0
0
0
0
0
0
0
0
0
0
0
0
0
0
0
0.5
0
0
0
0
0
0
0
0
0
0
0
0
0
0
0
0
0
0
0
100
0
0
0
0
0
0
0
0
0
0
0
0
0
0
0
0
0
2e+08
0
0
0
0
0
8e+08
0
0
0
0
0
0
0
0
0
0
0
0
0
0
0
0
0
0
0
0
0
0
0
0
0
0
0
0
0
1
1
1
1
1
1
1
1
1
1
1
1
1
1
1
1
1
1
1
1
1
1
1
1
1
1
1
1
100000
298
298
0.01
0.01
12
0
#MXL# EOF
